iso2c,life_exp,pop_tot,pop_grow,gdp,gdp_per_cap,gdp_grow,unemployment,inflation,pers_remit,co2_emis,forest_area,elec_access,elec_prod_renew,sanitation,int_homic,internet_use,women_parlia,foreign_invest,fertility_rate,labor_force_fe,lab_for_part_m,lab_for_part_f,urb_pop,research_exp,res_in_rd,tech_in_rd,charge_int_prop,hi_tech_exports,trdmk_res,trdmk_nres,pat_res,pat_nres,region,income
AD,NA,77008,0.0142852505031622,3218316013.22626,41791.9698372411,1.58876549046354,NA,NA,NA,5.97340536048203,34.0425531914894,100,NA,100.0000012,NA,NA,32.1428571428571,NA,NA,NA,NA,NA,88.062,NA,NA,NA,NA,33913480,256,924,1,10,Europe & Central Asia,High income
AE,77.814,9630966,1.50393782063358,422215043594.282,43839.3244866903,1.18985564163665,2.35199999809265,3.06863379251994,NA,20.7974984025486,4.46775556181357,100,NA,97.90201114,NA,98.45000178,22.5,2.45971482010468,1.413,16.9333948846213,90.6210021972656,48.951000213623,86.522,1.27836,2378.88895,889.5377,NA,676194664.999999,4711,13739,56,1727,Middle East & North Africa,High income
AF,64.486,37171922,2.38430907940751,18053228578.8878,485.668418729808,1.18922812838034,11.1520004272461,0.626149149168811,4.45098476582887,0.200151071015376,1.85099408755323,98.7156219482422,NA,NA,6.6555611518,NA,NA,0.661572001890286,4.473,21.7414856541674,72.0230026245117,21.2280006408691,25.495,NA,NA,NA,NA,0,NA,NA,NA,NA,South Asia,Low income
AG,76.885,96282,0.894078681398432,1605944444.44444,16679.5916624545,6.883640816875,NA,1.20715793367003,2.04043579694529,5.50466338464095,18.75,99.9997253417969,NA,NA,NA,NA,11.1111111111111,12.7554180936599,1.994,NA,NA,NA,24.599,NA,NA,NA,NA,11437,31,735,5,5,Latin America & Caribbean,High income
AL,78.458,2866376,-0.246732042281782,15156432309.8977,5287.66369446913,4.01935968580831,12.3000001907349,2.02805963071136,9.62106402112099,1.93973156347946,28.7919708029197,100,NA,47.39384501,2.2894924438,65.4,27.8571428571429,7.94635135089316,1.617,42.7202643486612,67.2470016479492,51.1889991760254,60.319,NA,NA,NA,14949446.678663,591717,917,2802,15,3,Europe & Central Asia,Upper middle income
AM,74.945,2951741,0.235799808401976,12457941907.0333,4220.54032079145,5.19999999965324,18.9699993133545,2.52023382001631,11.9443207764337,1.88024626821933,11.5521601685985,99.9,NA,66.1091264,1.693915557,68.24505226,18.0952380952381,2.14180606651725,1.755,44.2337134145411,65.2429962158203,43.1119995117188,63.149,0.18876,NA,NA,NA,36293329,1560,3155,101,4,Europe & Central Asia,Upper middle income
AO,60.782,30809787,3.2761445879162,101353230784.594,3289.64399476678,-2.00362972730201,7.4210000038147,19.6286077209765,0.00155816162718718,0.88738036390839,54.3174059517125,45.29,NA,NA,NA,35,30.4545454545455,-6.36987727292231,5.519,49.6065857510519,79.6529998779297,74.9550018310547,65.514,NA,NA,NA,8226880,67484792,2354,1763,6,114,Sub-Saharan Africa,Lower middle income
AR,76.52,44494502,1.01580834908002,524819742918.669,11795.1593866287,-2.61739646282038,9.22000026702881,NA,0.0995468463330137,3.9872341980589,10.5203731515078,100,NA,NA,5.3244787387,NA,38.9105058365759,2.232532212602,2.261,42.9825095568517,70.7170028686523,49.3160018920898,91.87,0.4936,1211.42035,398.051,321051040.765632,647172436,55492,16220,425,3242,Latin America & Caribbean,Upper middle income
AS,NA,55461,-0.280883888014678,639000000,11521.6097798453,2.6711185308848,NA,NA,NA,NA,85.95,NA,NA,NA,NA,NA,NA,NA,NA,NA,NA,NA,87.153,NA,NA,NA,NA,NA,NA,NA,NA,NA,East Asia & Pacific,Upper middle income
AT,81.6926829268293,8840521,0.487071924768999,454945881027.378,51461.4332150082,2.50159511872086,4.84999990463257,1.99837981429546,0.664384830258601,7.14663762463773,47.1639602520601,100,NA,99.63912654,0.96722860774,87.47913723,34.4262295081967,-6.28772751069413,1.47,46.6599794997615,67.1060028076172,55.9070014953613,58.297,3.17491,5733.07565,NA,1364611493.15934,16673587545,5384,3249,2039,168,Europe & Central Asia,High income
AU,82.7487804878049,24982688,1.53610551570388,1428529571351.06,57180.7794001614,2.87097248021668,5.30000019073486,1.91140094445692,0.130303033179173,15.475516485656,17.4213145571644,100,NA,72.32566936,0.89163240342,NA,28.6666666666667,4.29284940490712,1.74,46.5731198116897,70.9209976196289,60.4560012817383,86.012,NA,NA,NA,969116937.618486,5231519632,48283,30852,2757,27200,East Asia & Pacific,High income
AW,76.152,105846,0.459265888430662,3202188606.92893,30253.2793580195,NA,NA,3.62604141352956,1.15297067037867,NA,2.33333333333333,100,NA,NA,NA,NA,NA,4.2446335956983,1.896,NA,NA,NA,43.411,NA,NA,NA,932986.795265326,2562959,NA,NA,NA,NA,Latin America & Caribbean,High income
AZ,72.864,9939771,0.866316916370841,47112941176.4706,4739.84171028393,1.50000000000009,4.90000009536743,2.26854690374005,2.60181166658343,3.22140218320925,13.4139297553657,100,NA,21.9151199,2.2011074485,79.79999549,16.8,2.97794611197123,1.73,48.7585855236796,70.1780014038086,63.6580009460449,55.68,0.18416,NA,NA,NA,21177989,1269,3733,155,16,Europe & Central Asia,Upper middle income
BA,77.262,3323929,-0.827063451812447,20177409351.4329,6070.34908129292,3.74007109201324,18.3999996185303,1.41710814018026,11.214903336133,6.78113160660171,42.7326171875,100,NA,40.31840048,1.1733102602,70.12013504,21.4285714285714,2.98246076424119,1.265,38.5362616298215,53.0099983215332,31.4169998168945,48.245,0.19485,471.2501,50.93376,26777680.25989,261342666,361,3424,84,12,Europe & Central Asia,Upper middle income
BB,79.081,286640,0.143488326481972,5086500000,17745.2553725928,-0.580333154218167,8.31999969482422,3.67381410406798,2.12950339703136,4.36087077867709,14.6511627906977,100,NA,NA,9.7683505442,NA,20,4.74975916445493,1.619,48.8470603857518,68.0550003051758,59.4659996032715,31.147,NA,NA,NA,NA,NA,NA,NA,NA,NA,Latin America & Caribbean,High income
BD,72.32,161376713,1.05357030023873,274038973437.275,1698.13208078712,7.86375358002958,4.41300010681152,5.5436213948647,5.68030223404363,0.512837313770296,14.4687716063609,91.8,NA,36.69010606,2.3733287962,11.5,20.2857142857143,0.883679502978234,2.036,30.7867578204562,80.0749969482422,36.242000579834,36.632,NA,NA,NA,4082535.48192897,NA,7960,4120,69,299,South Asia,Lower middle income
BE,81.5951219512195,11427054,0.455184695275022,543008499294.079,47519.5530968943,1.81920366405947,5.94999980926514,2.05316499865181,2.29251827683264,8.17971106113614,22.7642007926024,100,NA,87.05901486,NA,88.647343,38,-7.66127736873949,1.62,46.6071764423229,59.0449981689453,49.5250015258789,98.001,2.76578,5023.26301,NA,4267531529.24909,28164337255,19296,4276,892,218,Europe & Central Asia,High income
BF,61.174,19751466,2.86697911426999,15890065019.7634,804.500537821516,6.60456906812341,4.69000005722046,1.95594302672532,2.86751559334037,0.21618648458803,23.0862573099415,14.4,NA,NA,NA,14,11.0236220472441,1.68919955715947,5.189,44.925837883155,73.4339981079102,57.7820014953613,29.358,NA,NA,NA,842565.458693534,6531273,NA,NA,NA,NA,Sub-Saharan Africa,Low income
BG,74.9634146341464,7025037,-0.722080405222853,66363422450.2112,9446.70077185518,2.68457613091411,5.21000003814697,2.81454473824833,3.62885142309645,5.85477343393352,35.6208548268239,100,NA,68.60083817,1.3046665939,64.78201069,23.75,2.72719509208229,1.56,46.1609010332524,61.9140014648438,49.2070007324219,75.008,0.75565,2342.86988,NA,88850000,2011478915,3969,1846,180,18,Europe & Central Asia,Upper middle income
BH,77.163,1569440,4.92102429600582,37801462765.9574,24085.955988096,2.13670134684136,1.20099997520447,2.08766938046983,NA,19.5929758385156,0.846153846153846,100,NA,90.020356,NA,98.64467258,15,0.294089711433264,1.987,20.4337220599333,86.0479965209961,44.0970001220703,89.287,NA,NA,NA,NA,11790575,305,7122,11,219,Middle East & North Africa,High income
BI,61.247,11175379,3.16691169681282,2668495742.88443,238.783467020173,1.60993308234522,1.58700001239777,-2.8146980766847,1.81108146446682,0.0527946300523678,10.8894080996885,10.598614692688,NA,NA,NA,5,36.3636363636364,0.0368652311931706,5.41,51.661209372902,77.9810028076172,79.875,13.032,0.21312,23.43546,6.58591,3365.3473687015,2019594,NA,NA,NA,NA,Sub-Saharan Africa,Low income
BJ,61.47,11485035,2.73485620295269,14262407011.5254,1241.82529800958,6.69725946087986,1.47000002861023,0.644803622440778,1.39347023159695,0.688722324311593,28.6905817665839,39.2386016845703,NA,NA,NA,26,7.2289156626506,1.36073583540309,4.836,49.5236297485359,73.2890014648438,69.9010009765625,47.312,NA,NA,NA,143254.131513343,1408703,NA,NA,NA,NA,Sub-Saharan Africa,Lower middle income
BM,81.6517073170732,63919,0.0719919900882055,7224329000,113023.185594268,-0.432801300339307,NA,NA,20.0261699242933,NA,18.5185185185185,100,NA,NA,NA,NA,NA,1.32076448207162,1.6,NA,NA,NA,100,0.25998,NA,NA,301663,2939781,NA,NA,NA,NA,North America,High income
BN,75.722,428960,1.04964282773986,13567351175.0315,31628.4762566009,0.0522377907767719,8.69999980926514,1.02505179290213,NA,16.644908616188,72.1062618595825,100,NA,NA,NA,95,9.09090909090909,3.80474135275375,1.848,42.012607163203,72.786003112793,57.3470001220703,77.629,0.27763,NA,NA,NA,115050.999999999,141,1837,24,97,East Asia & Pacific,High income
BO,71.239,11353140,1.42189080360535,40287647930.4761,3548.59078021377,4.22362351118875,3.51999998092651,2.27205987230148,3.44592381351016,2.00032766265544,47.3121388350411,92.8,NA,49.94654184,NA,44.2861422,53.0769230769231,0.750524780940684,2.73,44.4475986628645,80.0550003051758,63.6030006408691,69.425,NA,NA,NA,10110622.5761646,19560045,NA,NA,NA,NA,Latin America & Caribbean,Lower middle income
BR,75.672,209469320,0.783844259734468,1916933708381.89,9151.38173161536,1.78366676137003,12.3299999237061,3.66485028376724,0.153030293309736,2.04187419904738,59.7084279516735,99.7,NA,46.84473257,27.382530291,70.43428254,15.009746588694,4.07748708411665,1.73,43.5169007052837,72.2669982910156,52.757999420166,86.569,1.16038,NA,NA,825475487.44,11062943562,176063,28356,4980,19877,Latin America & Caribbean,Upper middle income
BS,73.752,385635,1.01280016721917,12837800000,33290.028135413,2.76704081044245,10,2.26586346678726,NA,5.86046391017413,50.9350649350649,100,NA,NA,NA,NA,12.8205128205128,3.82779517697477,1.752,50.1079724658701,75.5640029907227,69.9729995727539,83.025,NA,NA,NA,NA,6222843,NA,NA,NA,NA,Latin America & Caribbean,High income
BT,71.46,754396,1.17777914017278,2446866404.93058,3243.47743748718,3.05512983672538,2.44400000572205,2.72321977076861,2.37644832926341,1.82927799192997,71.3455689564761,99.9687728881836,NA,64.04963687,1.193007386,NA,14.8936170212766,0.108279483744831,1.975,40.061454090431,69.838996887207,54.2910003662109,40.895,NA,NA,NA,11086.6624815688,NA,NA,NA,NA,NA,South Asia,Lower middle income
BW,69.275,2254067,2.1974164684246,16914245098.0392,7503.8785883646,3.98039539042554,22.0709991455078,3.2380155894771,0.261967927896275,3.64230521985371,27.3345331992307,68.3586578369141,NA,NA,NA,58,9.52380952380952,1.69061675690844,2.874,49.3233694008874,64.681999206543,56.068000793457,69.446,NA,NA,NA,292347.141445276,38519418,606,1382,NA,3,Sub-Saharan Africa,Upper middle income
BY,74.1756097560976,9438785,-0.213824206997671,60031262269.3365,6360.06247301284,3.14919759374963,4.76000022888184,4.87230220550692,2.40841179303089,6.28364773644065,43.0515321706572,100,NA,74.3512062,2.3908727902,79.12988669,34.5454545454545,2.3762618776861,1.448,49.0403112903172,72.1309967041016,58.1609992980957,78.595,0.60443,NA,NA,66100000,716800300,1872,5946,453,94,Europe & Central Asia,Upper middle income
BZ,74.496,383071,1.9229790570947,1915899786.96407,5001.42215663433,2.90606973116134,6.64400005340576,NA,4.82868359887601,1.77512784836231,56.9649276633056,91.72,NA,NA,NA,NA,9.375,6.36993895949505,2.307,38.7718826377276,79.3529968261719,49.076000213623,45.724,NA,NA,NA,NA,6270.00000000044,120,760,NA,24,Latin America & Caribbean,Lower middle income
CA,82.0487804878049,37065178,1.412548033188,1725329192783.02,46548.520360080904,2.77704055379553,5.82999992370605,2.268225672481,0.0750910157999639,15.4970252672198,38.7037629425392,100,NA,83.97367373,1.755921136,94.64,26.9461077844311,2.46931207254863,1.4988,47.5011713906423,69.6370010375977,61.2980003356934,81.411,1.56287,NA,NA,6317995390.69011,30479680630,27320,35738,4349,31812,North America,High income
CD,60.368,84068092,3.22669886135312,47146004586.6824,560.807358238634,5.82112109989339,4.45100021362305,NA,3.86608831806513,0.0261692628875174,56.6189497364416,18.7522525787354,NA,13.6191602,NA,11.7,8.94308943089431,2.98554161856132,5.919,47.8822084967616,69.5459976196289,62.5069999694824,44.46,NA,NA,NA,NA,26163469,NA,NA,NA,NA,Sub-Saharan Africa,Low income
CF,52.805,4666375,1.5191174668345,2220978978.17342,475.953813864813,3.78944359275462,5.60500001907349,1.61215686991553,0,0.0707187056333878,35.8968185174484,14.6539525985718,NA,14.29069706,NA,NA,8.57142857142857,0.81061260088137,4.721,45.3851947348813,80.0029983520508,63.8530006408691,41.364,NA,NA,NA,NA,8173212,NA,NA,NA,NA,Sub-Saharan Africa,Low income
CG,64.29,5244363,2.58172086705774,13670036995.9959,2606.6153307839,-4.80535155732963,20.6140003204346,1.15277896375521,NA,0.613992585944184,64.3513909224012,47.2254676818848,NA,NA,NA,NA,11.2582781456954,31.5672219414183,4.428,49.6510817646761,68.9609985351563,66.8539962768555,66.916,NA,NA,NA,NA,40589382,NA,NA,NA,NA,Sub-Saharan Africa,Lower middle income
CH,83.7536585365854,8514329,0.736633975172522,735539301552.674,86388.4049527184,2.91690509826611,4.71000003814697,0.936335464113605,0.346784242455879,4.40199104356902,31.9422269899076,100,NA,99.63810616,0.58646802447,91.8,32.5,-21.8054744512594,1.52,46.591952411638,74.2259979248047,62.8979988098145,73.797,NA,NA,NA,31079895537.6841,30114429672,12774,19225,1283,332,Europe & Central Asia,High income
CI,57.422,25069226,2.55232234123969,58011466450.8643,2314.05095836881,6.89028431967284,3.29299998283386,0.359409031380664,0.572381203710915,0.39530538358065,9.63044025157233,67.1723709106445,NA,NA,NA,37.54653613,10.5882352941176,1.06932420831873,4.649,40.7501141817332,65.4919967651367,46.2540016174316,50.779,NA,NA,NA,1878578.90571318,78785574,NA,NA,NA,NA,Sub-Saharan Africa,Lower middle income
CL,80.042,18729166,1.39106423293431,297571693064.193,15888.144355397,3.71385917709956,7.23000001907349,2.43488981353058,0.0234756367677329,4.6248722447118,24.161529026323,100,NA,75.70739056,4.4048944838,NA,22.5806451612903,2.60765642227731,1.649,42.1360592990044,70.8470001220703,49.318000793457,87.564,NA,NA,NA,46185212.23,679146612,25850,8677,406,2694,Latin America & Caribbean,High income
CM,58.921,25216261,2.61228416133822,39973839064.6084,1585.24053445546,3.9555142403664,3.61700010299683,1.0742994515814,0.834431984006953,0.34184290843119,43.2664424277041,62.2,NA,NA,NA,29.7,31.1111111111111,1.91398182081519,4.572,46.8006607764314,81.4369964599609,70.7099990844727,56.374,NA,NA,NA,8534513.10051088,16426309,NA,NA,NA,NA,Sub-Saharan Africa,Lower middle income
CN,76.704,1402760000,0.467672053461959,13894817549380.3,9905.34200389253,6.74977383247717,4.28000020980835,2.07479039965578,0.174925688115236,7.35226268214092,22.9417353835101,100,NA,64.02449293,0.52709078934,59.2,24.8993288590604,1.69390529382545,1.69,44.702781867328,75.4769973754883,63.1139984130859,59.152,2.14058,1307.12128,NA,5561288668.09,731842123479,NA,NA,1393815,148187,East Asia & Pacific,Upper middle income
CO,77.109,49661056,1.52423594388212,334198214706.209,6729.58333198168,2.56432428277704,9.10999965667725,3.24023413752975,1.99734139810091,1.6006506184645,53.6642451554754,98.5,NA,18.01735351,25.343802597,64.12637682,18.1286549707602,3.38083576651694,1.807,42.9665106934089,80.4919967651367,57.0120010375977,80.778,0.23462,NA,NA,143866519.53125,603546789,18011,10120,415,1808,Latin America & Caribbean,Upper middle income
CR,80.095,4999443,0.994802059847413,62420165099.7301,12485.423896168,2.61590440443709,9.63000011444092,2.22111461526584,0.854707228480202,1.65218405330354,58.7961222091657,99.7,NA,30.48677697,11.261254504,73.47972844,45.6140350877193,4.82943871297315,1.754,38.8396401750751,74.1589965820313,46.4819984436035,79.34,0.38288,345.03858,NA,5937403.74279113,1148831708,5117,4878,8,490,Latin America & Caribbean,Upper middle income
CU,78.726,11338146,-0.00978066226269748,100050000000,8824.19400843842,2.24848039303581,1.70000004768372,NA,NA,2.20230009386014,31.233140655106,99.5288009643555,NA,36.86822005,NA,62.67892362,53.2231404958678,NA,1.618,38.1541159077502,70.3980026245117,42.2869987487793,77.037,0.53706,NA,NA,NA,NA,826,2151,29,126,Latin America & Caribbean,Upper middle income
CV,72.782,543764,1.15884296629081,1966503222.76759,3616.46453749713,4.53116168434889,12.1700000762939,1.25615185860788,11.92509955004,1.14020052817031,11.1960297766749,93.4298095703125,NA,NA,6.8044225068,59.5,23.6111111111111,5.73076133865228,2.274,43.8106196834034,62.2480010986328,48.5960006713867,65.732,NA,NA,NA,47363.9567969454,12,133,211,3,1,Sub-Saharan Africa,Lower middle income
CW,NA,159336,-0.525178744011738,3127908044.69274,19630.8934873019,-2.16613107776222,NA,2.58368756641871,4.96621283248659,NA,0.157657657657658,100,NA,NA,NA,NA,NA,4.05782379263103,1.7,NA,NA,NA,89.145,NA,NA,NA,4405582.9273743,NA,NA,919,NA,NA,Latin America & Caribbean,High income
CY,80.828,1189262,0.80854929846874,25522671232.8767,29334.1109348657,5.69284172448825,8.36999988555908,1.43549119531762,2.0420748355878,6.07940050216016,18.6764069264069,100,NA,77.08134013,1.2612864112,84.43358252,17.8571428571429,-4.35009192162822,1.329,46.0994596100188,67.6449966430664,57.2130012512207,66.81,0.54783,1255.85256,NA,NA,95712383,1074,1270,4,NA,Europe & Central Asia,High income
CZ,79.0292682926829,10629928,0.334427262299794,248950103352.137,23419.7356136502,3.19865610131447,2.24000000953674,2.14949494949492,1.58103594095295,9.64070499819002,34.6304404145078,100,NA,84.22884504,NA,80.68816754,22,3.34391039785703,1.71,44.6297169043111,68.7229995727539,52.7820014953613,73.792,1.93017,3862.67088,2186.3591,498219527.069702,36023128569,7047,2450,678,54,Europe & Central Asia,High income
DE,80.8926829268293,82905782,0.300526701992065,3975347237442.99,47950.1808142041,1.08602451412267,3.38000011444092,1.73216766075662,0.424811087521637,8.55838981170216,32.6836109680005,100,NA,97.11539497,0.9479766191,87.03711209,30.7475317348378,3.98745898566845,1.57,46.5908498445375,66.8119964599609,55.9679985046387,77.312,3.13267,5211.87408,NA,36498546825.925,209722667460,65686,9566,46617,21281,Europe & Central Asia,High income
DJ,66.582,958923,1.55786869505917,3012803457.10411,3141.86171059002,8.40766266610518,26.1889991760254,0.147970849877116,1.98678300654375,0.51098993349831,0.243313201035375,60.5715599060059,NA,36.24306807,NA,58,26.1538461538462,5.64258513442503,2.728,26.0777895933747,45.125,17.7320003509521,77.777,NA,NA,NA,NA,NA,NA,NA,NA,NA,Middle East & North Africa,Lower middle income
DK,80.9536585365854,5793636,0.495838925879129,356841216410.068,61591.9288698958,1.98953731496432,5.13000011444092,0.813609467455633,0.396618154995965,5.76149416359606,15.664,100,NA,91.65793228,1.0083219593,97.31920437,37.4301675977654,2.45600096718496,1.73,47.1055280614086,66.1760025024414,57.564998626709,87.874,3.03292,8065.88729,NA,3797467556.60634,9556531741,2392,1708,1262,239,Europe & Central Asia,High income
DM,NA,71626,0.23202839477624,550622222.222222,7687.46296348005,2.21430524078696,NA,0.989191119189815,7.65341765566087,2.51305391896797,63.8266666666667,100,NA,NA,NA,NA,25,14.2172198776951,NA,NA,NA,NA,70.483,NA,NA,NA,71.1111111111111,NA,8,170,NA,4,Latin America & Caribbean,Upper middle income
DO,73.892,10627147,1.07886200909288,85555378042.8196,8050.64407623416,6.98252758458058,5.8600001335144,3.56443426013507,7.96875679350959,2.36375764821923,44.0471951976816,98.9,NA,NA,10.04973395,74.82204836,26.8421052631579,3.20786379861054,2.346,39.6993735429295,77.5289993286133,50.2299995422363,81.074,NA,NA,NA,NA,383916253,7244,3916,17,211,Latin America & Caribbean,Upper middle income
DZ,76.693,42228415,2.00739866314238,174910878623.049,4142.01855842917,1.09999999999995,10.4200000762939,4.26999020467078,1.13486274539253,3.59165741835207,0.810331601966797,99.6419219970703,NA,18.06639486,NA,49.03846808,25.7575757575758,0.838207480046885,3.023,19.849983881661,66.6259994506836,16.6919994354248,72.629,NA,NA,NA,203168.636256905,NA,5469,4028,152,521,Middle East & North Africa,Lower middle income
EC,76.8,17084359,1.76565269522798,107562008000,6295.93466163992,1.28929193290502,3.52999997138977,-0.224103246005465,2.82542002086851,2.31381230047905,50.8389837332904,98.7,NA,41.75378947,5.8006273457,NA,37.956204379562,1.29084310432381,2.427,41.1672929769191,79.0419998168945,54.4659996032715,63.821,NA,NA,NA,2235390,68401030,11435,6534,34,371,Latin America & Caribbean,Upper middle income
EE,78.2439024390244,1321977,0.348039137980543,30474612057.4484,23052.3012559586,4.13381979831833,5.36999988555908,3.43632688420445,1.87173663050422,12.1030850007224,56.0938578329883,100,NA,93.00670163,2.1165412994,89.35700777,26.7326732673267,4.04447771570822,1.67,48.2852371920812,71.2669982910156,57.3629989624023,68.88,1.40441,3755.32912,NA,16138594.7517491,1907601680,1377,1328,24,6,Europe & Central Asia,High income
EG,71.825,98423602,2.0332723991851,249712999437.254,2537.12518504712,5.31412103746398,9.81999969482422,14.4014657807421,10.2180102988236,2.50204214229022,0.0451855944547692,100,NA,65.45013463,NA,46.92433677,14.9328859060403,3.2602627890206,3.326,21.3025734218348,68.1800003051758,18.4829998016357,42.704,0.72388,686.71743,369.55568,NA,125216606,16227,8316,997,1258,Middle East & North Africa,Lower middle income
ES,83.4317073170732,46797754,0.437982993728698,1420300232663.59,30349.7520984361,2.28878567617447,15.25,1.67506761489627,0.234577803183726,5.52035039972218,37.1566467814769,100,NA,95.66577751,0.62107992821,86.10723553,39.1428571428571,4.12773149273129,1.26,46.4438495390997,63.7190017700195,52.4189987182617,80.321,1.24323,3000.8872,NA,2527128831.19964,15483660176,50834,4540,1525,149,Europe & Central Asia,High income
ET,66.24,109224410,2.61996917105787,84269348327.3454,771.524866349431,6.81614779681703,2.31800007820129,13.8307621811517,0.517774815815437,0.149050931014413,15.2435084167464,45.0534019470215,NA,6.279053616,NA,22,38.7568555758684,3.98771253765884,4.247,46.6329319004117,86.8960037231445,74.7289962768555,20.763,NA,NA,NA,7805175.49889202,9903646,542,485,13,49,Sub-Saharan Africa,Low income
FI,81.7341463414634,5515525,0.132641040791912,275580448365.235,49964.4999098426,1.14194750876192,7.3600001335144,1.08382098409299,0.305193402309343,8.04275204989552,73.7332192682285,100,NA,84.09986931,1.6296716121000001,88.88996,42,-3.83615705959482,1.41,48.0211485857293,63.1580009460449,55.8790016174316,85.382,2.75572,6861.10974,NA,3456439587.82968,4515414673,2886,1352,1387,100,Europe & Central Asia,High income
FJ,67.341,883490,0.684860282111394,5581371847.61641,6317.41372015123,3.81235097047221,4.33300018310547,4.08147637644538,5.23068311273779,2.15056197580052,61.6672140120416,99.3387908935547,NA,NA,NA,NA,19.6078431372549,8.40046167281378,2.774,33.0640331779284,76.0970001220703,38.3079986572266,56.248,NA,NA,NA,860879.359018245,4660337,NA,NA,NA,NA,East Asia & Pacific,Upper middle income
FM,67.755,112640,1.05221384801299,401932300,3568.291015625,0.211653600126766,NA,1.79400375972253,5.80662464798176,1.59801136363636,91.9428571428572,80.4061660766602,NA,NA,NA,NA,0,NA,3.053,NA,NA,NA,22.703,NA,NA,NA,NA,NA,NA,NA,NA,NA,East Asia & Pacific,Lower middle income
FO,82.4951219512195,48497,0.353222225693126,3051341335.9516,62918.1461936121,NA,NA,NA,0,NA,0.0573065902578797,100,NA,NA,NA,NA,NA,NA,2.5,NA,NA,NA,42.064,NA,NA,NA,NA,NA,NA,NA,NA,NA,Europe & Central Asia,High income
FR,82.7243902439024,67101930,0.274451849056795,2789593979064.58,41572.4850099629,1.86506607081999,9.02000045776367,1.85081508315494,0.940254205739013,4.61924120513374,31.2044225532684,100,NA,78.59934805,1.1986365025,82.04318678,39.5833333333333,2.77793468421604,1.88,48.2426450501162,60.2029991149902,51.423999786377,80.444,2.19294,4715.31913,NA,17743916340.6804,117574883779,90581,7718,14303,1919,Europe & Central Asia,High income
GA,66.187,2119275,2.60348679566927,16867325126.5423,7959.00726736376,0.83791658082157,20.7490005493164,4.74906652083221,0.10943076102182,2.17527220393767,91.4128924593472,89.8418426513672,NA,NA,NA,59.6,NA,8.17599000229088,3.969,39.8112518434845,57.1609992980957,39.6629981994629,89.37,NA,NA,NA,NA,NA,NA,NA,NA,NA,Sub-Saharan Africa,Upper middle income
GB,81.2560975609756,66460344,0.605929132212552,2900791442554.06,43646.9519711493,1.65092549602133,4,2.29283990345939,0.151328134206949,5.39870813789348,13.1153639482495,100,NA,98.06786201,1.2049147774,90.69200899,32.1538461538462,-0.863744974538628,1.68,46.9328772906074,68.3450012207031,58.0260009765625,83.398,1.70274,4603.31022,NA,25169785727.3538,75580036341,66833,28120,12865,8076,Europe & Central Asia,High income
GD,72.384,111449,0.517266573481224,1166523555.55556,10466.8822111958,4.29940539240303,NA,0.804102313277037,4.1142418055713,2.69181419303897,52.0588235294118,94.8213882446289,NA,NA,NA,NA,46.6666666666667,15.7738511239474,2.063,NA,NA,NA,36.272,NA,NA,NA,9121.34814814815,1278879,19,417,NA,NA,Latin America & Caribbean,Upper middle income
GE,73.6,3726549,-0.0390365463489613,17599700090.762,4722.78778321766,4.84291988506627,12.6700000762939,2.61524471397664,11.558654097849,2.53854169098541,40.6159159591308,99.9,NA,35.01946185,2.2233624935,62.7179082,16,7.21880585628202,2.06,46.38224604024,73.5490036010742,55.5340003967285,58.632,0.28052,1463.77339,241.59731,270121.8,25120319,1371,3325,103,157,Europe & Central Asia,Upper middle income
GH,63.78,29767108,2.19285287421765,67299280679.563,2260.86056729337,6.20007768127284,4.27600002288818,7.80876516610709,5.23120988488875,0.541201382411755,35.0323459611497,80.4,NA,12.4033639,NA,43,12.7272727272727,4.44140705490139,3.87,46.7415291737058,72.9759979248047,65.1940002441406,56.06,NA,NA,NA,95841909.3204423,50006668,833,2591,13,39,Sub-Saharan Africa,Lower middle income
GL,NA,56023,-0.265609140509557,3040414278.02236,54270.8223055238,1.84584800939267,NA,NA,NA,NA,5.35997076379583e-4,100,NA,91.65793958,NA,NA,NA,NA,2,NA,NA,NA,86.816,NA,NA,NA,NA,487975,NA,NA,NA,NA,Europe & Central Asia,High income
GM,61.735,2280092,2.94601268814255,1670670668.5939,732.720727318856,7.23489033258579,9.47599983215332,6.52096823946571,12.6915938660679,0.249989912687734,25.1126482213439,60.3,NA,30.20407064,NA,40,10.3448275862069,4.89653694972418,5.219,43.7737759049406,67.5540008544922,50.3610000610352,61.27,0.070930000000000007,52.89256,88.81213,NA,6066,53,1078,NA,NA,Sub-Saharan Africa,Low income
GN,61.185,12414292,2.8331175118102,11857030336.5252,955.111281136711,6.35849192736175,4.98299980163574,9.82600180777342,0.239773359712358,0.25132323293185,25.5127787725867,44,NA,NA,NA,21.83002304,21.9298245614035,2.97511257024732,4.7,53.6861355583495,63.3800010681152,63.8559989929199,36.14,NA,NA,NA,NA,NA,NA,NA,NA,NA,Sub-Saharan Africa,Low income
GQ,58.402,1308966,3.65334093213133,13097012189.3995,10005.6167917268,-6.23655098228059,8.62399959564209,1.34988438751676,0,5.09562509645018,87.8837789661319,66.4388275146484,NA,NA,NA,NA,20,3.02418425112698,4.513,38.1065990400209,59.1110000610352,51.1689987182617,72.143,NA,NA,NA,NA,NA,NA,NA,NA,NA,Sub-Saharan Africa,Upper middle income
GR,81.7878048780488,10732882,-0.202880238259165,211945897765.431,19747.3425837935,1.66842863602514,19.2900009155273,0.625629147213626,0.231049336916422,6.08317505028006,30.2699767261443,100,NA,90.1711824,0.94086394499,72.23837339,18.6666666666667,1.89928082167089,1.35,43.7634256264178,59.939998626709,44.2529983520508,79.058,1.17732,3482.71652,NA,95818326.1507671,1754801996,NA,NA,430,149,Europe & Central Asia,High income
GT,74.063,16346950,1.60038598150372,73208583758.9105,4478.42464550944,3.32209799734959,2.27999997138977,3.75186186704512,12.8914862375702,1.11396927255543,33.1373646883165,94.4130096435547,NA,NA,22.501348718,NA,12.6582278481013,1.25995863140534,2.87,33.2357788741798,84.3600006103516,39.193000793457,51.054,0.02947,12.87117,10.95789,16198890,255865380,6513,5808,6,228,Latin America & Caribbean,Upper middle income
GU,79.859,165770,0.902290919869412,6060000000,36556.6749110213,-0.720201656463814,5.55900001525879,NA,NA,NA,51.8518518518518,100,NA,NA,NA,NA,NA,NA,2.313,44.7946989428528,68.7379989624023,56.3050003051758,94.78,NA,NA,NA,NA,NA,NA,NA,NA,NA,East Asia & Pacific,High income
GW,58.003,1874304,2.4935051959006,1504630120.99275,802.767385116156,1.28373670309465,5.98199987411499,0.381324702791038,8.50597970661732,0.165394727856314,71.0131578947368,28.5148296356201,NA,11.12725323,NA,22,13.7254901960784,1.36670254905123,4.476,47.2881303150699,78.7310028076172,64.5309982299805,43.36,NA,NA,NA,NA,NA,NA,NA,NA,NA,Sub-Saharan Africa,Low income
GY,69.774,779007,0.487575158848574,4787636237.24043,6145.81927664377,4.44101358934772,14.0200004577637,1.28284288443518,6.96988512725091,3.13219265038697,93.6436372872746,91.2374572753906,NA,NA,14.248909188,NA,31.8840579710145,24.6552899505381,2.462,39.0478015641986,66.1529998779297,42.1520004272461,26.606,NA,NA,NA,169000,82703,69,540,2,18,Latin America & Caribbean,Upper middle income
HK,84.9341463414634,7451000,0.799050247136158,361691522612.745,48542.6818699161,2.84644793882873,2.8199999332428,2.40613432046539,0.11738561400405,NA,NA,100,NA,85.9438545,0.65113634144,90.50739533,NA,26.8284572383635,1.072,49.408200455127,68.5120010375977,55.1049995422363,100,0.8634,4026.59891,315.80104,742653007.055599,330081518971,14953,25378,314,15672,East Asia & Pacific,High income
HN,75.088,9587523,1.66708222728063,23900438563.7271,2492.86896769136,3.84499476966735,5.65000009536743,4.34734937777536,19.9851813201405,1.01903275747031,57.2094020913397,91.6,NA,48.9455273,38.925591104,NA,21.09375,6.03582052422655,2.46,38.1550849576591,83.1890029907227,50.1669998168945,57.096,NA,NA,NA,NA,29002647,2551,4677,8,148,Latin America & Caribbean,Lower middle income
HR,78.0707317073171,4087843,-0.893486927711056,62247874948.8225,15227.5600968096,2.90000959900429,8.43000030517578,1.50012501041753,6.44842375711849,4.05592876243046,34.1775932143488,100,NA,70.39226157,0.57742179724,75.29462599,18.5430463576159,2.11957998153972,1.47,46.6181897865385,57.4249992370605,45.5299987792969,56.947,0.97192,1921.13136,NA,68767957.6366976,1011939688,1060,1701,121,15,Europe & Central Asia,High income
HT,63.66,11123183,1.27405022512994,16455034352.7671,1479.3458268885,1.66781095484656,13.8599996566772,12.4814111170435,19.0960431026121,0.299374738328049,12.8272859216255,44.4174308776855,NA,NA,6.67974266,32.47362713,2.54237288135593,0.638102587627495,2.935,48.6680862531492,69.6640014648438,62.4620018005371,55.278,NA,NA,NA,NA,NA,NA,NA,NA,NA,Latin America & Caribbean,Lower middle income
HU,76.0658536585366,9775564,-0.126786951652838,160586833778.457,16427.3727611478,5.35949648949985,3.71000003814697,2.85024792594642,2.74294380730367,4.74550624393641,22.5281612973921,100,NA,87.72220637,NA,76.07436064,12.5628140703518,-40.0810562590773,1.55,45.5644499503311,65.7919998168945,48.7140007019043,71.351,1.53337,3237.70314,NA,1859888614.27091,18039318682,3492,1959,407,36,Europe & Central Asia,High income
ID,71.509,267670549,1.13450697951891,1042271531011.99,3893.85957814877,5.17429153955024,4.40000009536743,3.19834641562404,1.07604827326163,2.17846155349724,49.7168177792076,98.51,NA,NA,NA,39.90463864,19.8214285714286,1.81428979693517,2.311,39.2092626932632,82.1880035400391,53.0900001525879,55.325,0.22633,215.99355,34.74204,61194660.7122356,6382014732,56583,18145,1407,8347,East Asia & Pacific,Lower middle income
IE,82.2560975609756,4867316,1.23887545258946,384853685231.018,79068.9746116787,9.03016110018034,5.73999977111816,0.488370168032449,0.162043158980662,7.62432519277565,11.2355929743069,100,NA,82.65620946,0.8716054599,87.00014011,22.1518987341772,17.5032057571891,1.75,45.8479974771365,68.5179977416992,56.0379981994629,63.17,1.14647,5243.12624,NA,14335353391.4652,36483770180,1930,1819,76,32,Europe & Central Asia,High income
IL,82.8024390243903,8882800,1.92662286520241,373641241440.789,42063.4531274811,3.98342459356549,4,0.817323896191417,0.273417355124031,6.97640383662809,6.46950092421442,100,NA,93.44852172,NA,83.73315696,27.5,5.75806351489424,3.09,47.6267798235117,68.2379989624023,59.7799987792969,92.418,4.94079,NA,NA,1273100000,12968602000,2622,7422,1506,5857,Middle East & North Africa,High income
IM,NA,84073,0.552233889715099,7491969312.87525,89112.6677158571,2.21340399216221,NA,NA,NA,NA,6.07017543859649,100,NA,NA,NA,NA,NA,NA,NA,NA,NA,NA,52.588,NA,NA,NA,NA,NA,NA,NA,NA,NA,Europe & Central Asia,High income
IN,69.416,1352642283,1.03782784787162,2701111782775.03,1996.91508739789,6.53298901139763,5.32999992370605,3.94506866416981,2.91695336087601,1.79982544579379,24.0910268095884,95.1932983398438,NA,41.89591302,3.0792324418,20.08130004,11.8081180811808,1.55926352274079,2.222,20.6307969712242,73.5510025024414,20.5259990692139,34.03,0.65282,252.70392,73.05997,784900902.149806,20182211025,297750,26264,16289,33766,South Asia,Lower middle income
IQ,70.454,38433604,2.31845313270607,227367469034.031,5915.85085369644,2.63385099105624,12.9659996032715,0.36744148893681,0.32621201403662,4.89519536080978,1.90036118379833,99.9,NA,42.88862069,NA,NA,25.2279635258359,-2.14854834807913,3.672,13.3806782843867,72.7910003662109,11.2869997024536,70.473,0.04342,111.13687,22.97859,100000,NA,1832,10000,653,77,Middle East & North Africa,Upper middle income
IR,76.479,81800204,1.38647833501238,294356680624.658,3598.48345396129,-6.02597180315718,12.1899995803833,18.0141183371874,0.451832789110676,7.69301259933288,6.58601021636091,100,NA,NA,NA,70.200565,5.88235294117647,0.806164818465891,2.137,19.6842740843553,70.2979965209961,17.4400005340576,74.898,NA,NA,NA,NA,153101895,101953,9782,11908,915,Middle East & North Africa,Lower middle income
IS,82.8609756097561,352721,2.67814276922904,26267063757.5495,74469.8040591559,4.89218073132504,2.70000004768372,2.68291768267388,0.661952305350463,6.23722432177273,0.496280868789051,100,NA,81.24319906,0.89096913683,99.01095399,38.0952380952381,-2.370719437878,1.71,47.2310423868931,79.5289993286133,71.0589981079102,93.813,2.04135,NA,NA,173390796.389257,143430802,853,3095,56,10,Europe & Central Asia,High income
IT,83.3463414634146,60421760,-0.190063640113791,2090910879119.33,34605.2627252058,0.925810941012742,10.6099996566772,1.13748763600395,0.473461213588986,5.37637433931087,31.7687502099217,100,NA,95.77078165,0.5690506607,74.38718292,35.7142857142857,2.11628892273907,1.29,42.6683797627746,59.398998260498,41.1059989929199,70.438,1.39181,2306.76644,NA,4941537839.02931,32487105781,37320,5275,8921,900,Europe & Central Asia,High income
JM,74.368,2934853,0.47833817688853,15730793852.7913,5359.99378939638,1.88992368121086,9.10000038146973,3.7366388215216,15.9026616350953,2.89963415544152,54.3970452446907,98.5024871826172,NA,NA,43.852281528,68.21451709,17.4603174603175,4.92423084532786,1.979,45.893104608046,70.3489990234375,57.9160003662109,55.674,NA,NA,NA,5293969.83,4123122,1122,1442,26,53,Latin America & Caribbean,Upper middle income
JO,74.405,9965322,1.81748233928602,42932112676.0563,4308.1510738997,1.93409170141707,18.2700004577637,4.46231108475485,10.416379610128,2.47859527268662,1.09822031989187,99.9,NA,81.88884508,NA,NA,15.3846153846154,2.22427809381336,2.761,18.9287132548226,62.8610000610352,14.9759998321533,90.979,NA,NA,NA,21830985.915493,74306903,2981,4494,24,109,Middle East & North Africa,Upper middle income
JP,84.2109756097561,126529100,-0.202670345017896,5036891740656.35,39808.1685608793,0.558851275379695,2.40000009536743,0.989094598021806,0.0867490099871552,8.7422577098865,68.4087791495199,100,NA,80.64033577,0.26257409562,91.28,10.1075268817204,0.502082815354621,1.42,43.9355322433726,71.1240005493164,52.4440002441406,91.616,3.27512,5331.15027,524.29128,45571207969.359,110741508042,145270,38423,253630,59937,East Asia & Pacific,High income
KE,66.342,51392570,2.30574364203494,92202956320.532,1794.0911754468,5.62910144021626,4.24900007247925,4.68981976129857,2.95041088704655,0.358028407608337,6.34481849808483,61.4364166259766,NA,NA,4.9287280243,19.5,21.7765042979943,1.76341539957728,3.492,49.2266043383477,76.5059967041016,71.859001159668,27.03,NA,NA,NA,71288309.8588931,54893801,NA,NA,244,42,Sub-Saharan Africa,Lower middle income
KG,71.4,6322800,1.99032207024617,8271108638.39931,1308.14016549619,3.75791012480484,6.88600015640259,1.54266145238431,32.5055592899311,1.73973556019485,6.66788321167883,100,NA,92.21204464,2.1890776131,NA,19.1666666666667,1.74369127894699,3.3,38.5515768584318,74.2600021362305,44.1640014648438,36.351,0.10107,NA,NA,632392,40021411,319,3281,NA,NA,Europe & Central Asia,Lower middle income
KH,69.57,16249795,1.49034315597302,24571753583.4922,1512.12698889384,7.469169206999,0.14300000667572,2.45908515380133,5.8250007364279,0.686777894736518,47.4719578518015,91.8340148925781,NA,NA,NA,65.00000218,20,13.0744980659541,2.503,48.955703501044,86.7809982299805,76.2610015869141,23.388,NA,NA,NA,2379521.41,164816025,2302,5976,NA,159,East Asia & Pacific,Lower middle income
KI,68.116,115842,1.46875398423395,200157020.642498,1727.84500131644,3.77595428627548,NA,0.564030491493466,9.98123701145426,0.690595811536403,1.45679012345679,99.2222595214844,NA,26.02700336,NA,NA,6.52173913043478,-0.571733488712417,3.569,NA,NA,NA,54.057,NA,NA,NA,NA,57240,NA,NA,NA,NA,East Asia & Pacific,Lower middle income
KM,64.118,832322,2.23941634435226,1188797574.94753,1428.29046324322,3.64252501914828,8.07900047302246,NA,14.520572154851,0.31237910327974,18.1622783449758,81.6246109008789,NA,NA,NA,NA,6.06060606060606,0.477150042035581,4.205,37.1402514084444,55.4500007629395,32.9480018615723,28.965,NA,NA,NA,NA,28671,NA,NA,NA,NA,Sub-Saharan Africa,Lower middle income
KN,NA,52438,0.769573260355873,1078518518.51852,20567.4991135916,2.6999994657438,NA,-1.03712214131567,2.40510165482142,4.95823639345513,42.3076923076923,100,NA,NA,NA,NA,13.3333333333333,3.71359105352706,NA,NA,NA,NA,30.776,NA,NA,NA,NA,NA,5,276,NA,4,Latin America & Caribbean,High income
KR,82.6268292682927,51606633,0.475334410431755,1724845615629.26,33422.9442100836,2.90740377377135,3.8199999332428,1.47586240396369,0.413086245831956,12.224591362122,64.6739130434783,100,NA,98.95665167,0.60384939332,96.02285958,17,0.706300893808141,0.977,42.042820570039,73.6360015869141,53.1370010375977,81.459,4.52753,7980.39565,1311.43521,7749100000,192785753433,170541,28975,162561,47431,East Asia & Pacific,High income
KW,75.398,4137314,1.98243711082377,138182400331.126,33399.0604365842,1.24612940824558,2.16499996185303,0.543133148199589,0.020057828586314,21.6227243085731,0.350729517396184,100,NA,100,NA,99.59884959,3.07692307692308,-0.0154705438387974,2.082,25.5891862170544,88.5660018920898,50.5789985656738,100,0.06238,513.86021,45.19843,NA,231333595,3543,7195,1,256,Middle East & North Africa,High income
KY,NA,64172,1.23870690281221,5522625585.0234,86059.7392168454,4.19434090986198,NA,NA,0.258143204700054,NA,53.375,100,NA,NA,NA,NA,NA,3.14423902409054,NA,NA,NA,NA,100,NA,NA,NA,15524664.1522566,NA,NA,NA,NA,NA,Latin America & Caribbean,High income
KZ,73.15,18276452,1.31452298457883,179339994859.384,9812.62637077396,4.09999999987123,4.84999990463257,6.01913096570673,0.344618823888023,12.0619691393056,1.25799207319332,100,NA,NA,NA,78.90391906,27.1028037383178,0.0465089087481511,2.84,48.1016004522866,76.9240036010742,64.0279998779297,57.428,0.11683,666.9353,123.85629,912060,1762271293,3739,6879,789,193,Europe & Central Asia,Upper middle income
LA,67.61,7061498,1.54795306869369,18141651381.3884,2569.09389217251,6.24796000755872,0.82700002193450906,2.04039266890198,1.32225849757282,2.66090849278722,72.2032062391681,98.0746002197266,NA,59.83519266,NA,NA,27.5167785234899,7.48564437536693,2.667,49.2100055541706,78.7229995727539,75.8619995117188,35.004,NA,NA,NA,NA,467981186,249,3056,1,58,East Asia & Pacific,Lower middle income
LB,78.875,6859408,0.585360849269362,55276157552.246,8058.44433692324,-1.70217480748664,10.7959995269775,6.07698907889605,12.623819170303,4.03970721671608,13.8934506353861,100,NA,16.17670627,2.4929265033,NA,4.6875,4.80859010885868,2.087,24.8543092923182,66.1269989013672,21.6119995117188,88.593,NA,NA,NA,17741628.1847117,39529301,NA,NA,NA,NA,Middle East & North Africa,Upper middle income
LC,76.057,181890,0.515372718122712,2065127259.25926,11353.7152084186,2.92642088454855,19.0799999237061,1.93846244376073,2.07831966692021,2.14415305954148,34.0491803278688,98.91943359375,NA,NA,21.441530595,NA,16.6666666666667,2.20432908627751,1.436,46.8433679662783,76.6790008544922,64.7730026245117,18.678,NA,NA,NA,566144.568888889,9939617,33,352,2,NA,Latin America & Caribbean,Upper middle income
LI,83.0414634146342,37918,0.298456436961338,6839145106.86164,180366.715197575,NA,NA,NA,NA,3.69217785748193,41.875,100,NA,98.75,2.6372698982,NA,12,-1275.1899856739,1.58,NA,NA,NA,14.338,NA,NA,NA,NA,NA,173,2613,NA,NA,Europe & Central Asia,High income
LK,76.812,21670000,1.04839295829763,87963042340.8379,4059.20822984947,3.27200047854103,4.32000017166138,2.13503773713198,8.00681668683347,0.998154130133826,34.2580499159447,99.5868606567383,NA,NA,2.4212436336,26,5.77777777777778,1.83491153361291,2.199,33.8788936780578,72.3669967651367,33.2210006713867,18.476,NA,NA,NA,NA,NA,7356,4127,343,260,South Asia,Lower middle income
LR,63.73,4818976,2.45258690738409,3422754800,710.265998419581,1.15757512207355,3.02999997138977,23.5635148953742,13.4372679004895,0.273917114341304,79.7130398671096,24.818078994751,NA,NA,NA,18.9,12.3287671232877,3.77268493884788,4.315,47.2034453307535,81.5670013427734,72.0869979858398,51.151,NA,NA,NA,NA,NA,NA,NA,NA,NA,Sub-Saharan Africa,Low income
LS,53.705,2108327,0.799793018141496,2514146887.91664,1192.4843195181,-1.22313731083291,22.8129997253418,4.75180301624742,23.1412022587825,1.21897599376188,1.13702239789196,47,NA,43.99522997,NA,40.8,22.1311475409836,1.62576308196126,3.141,45.3104446841351,72.5619964599609,57.5610008239746,28.153,NA,NA,NA,218819.86354777,4393511,68,1121,NA,NA,Sub-Saharan Africa,Lower middle income
LT,75.6804878048781,2801543,-0.954190459209969,53724663842.5623,19176.812150505,3.99331032795327,6.15000009536743,2.69792779208397,2.58164200969143,4.13700592851868,35.0950023950184,100,NA,93.89547291,4.5693560421,79.72258277,21.2765957446809,2.41945071668172,1.63,50.2237817029757,67.609001159668,56.5289993286133,67.679,0.94181,3190.70248,NA,31113008.1311356,2515950491,2438,1737,81,24,Europe & Central Asia,High income
LU,82.2951219512195,607950,1.92883751398765,71250208995.6425,117197.48169363,2.00437711983041,5.59000015258789,1.52819524307373,2.94482570386225,15.3302080763221,36.5020576131687,100,NA,96.74564966,NA,97.06129871,20,-23.517933457605402,1.38,46.2853690793018,63.9230003356934,55.7849998474121,90.981,1.21126,4941.70411,NA,1947225878.6982,858269340,NA,NA,152,243,Europe & Central Asia,High income
LV,74.7829268292683,1927174,-0.779138396192231,34412210812.2783,17856.3071171976,3.9894803874928,7.40999984741211,2.53445424186602,3.59566936060924,3.95916507798465,54.8083427282976,100,NA,78.78852105,4.3558049657,83.57717486,31,1.24318475323046,1.6,50.011360711643,68.3610000610352,55.7939987182617,68.142,0.64083,1792.10447,NA,10612939.1391942,1879352693,1843,1588,86,24,Europe & Central Asia,High income
LY,72.724,6678565,1.47585263915873,52607888717.9487,7877.12460954542,15.1327998906632,19.4549999237061,NA,0,8.82524913660345,0.123327687918433,67,NA,21.61704948,NA,NA,15.9574468085106,0,2.24,35.6390097646959,60.9700012207031,34.0349998474121,80.102,NA,NA,NA,NA,NA,NA,NA,NA,NA,Middle East & North Africa,Upper middle income
MA,76.453,36029089,1.25076295051273,118096227400.092,3226.98279356862,3.148502655914,9.26500034332275,1.8039167114189,5.85913716298022,1.85072678357202,12.8200537754873,98.1,NA,38.69180171,1.4155228849,64.80386519,20.5063291139241,3.00127049551751,2.415,26.0428784202698,68.6760025024414,23.1889991760254,62.453,NA,NA,NA,5082469.84344709,837114360,7495,5785,187,2350,Middle East & North Africa,Lower middle income
MC,NA,38682,0.752527100059372,7194024563.06094,185978.609251356,5.95627041970343,NA,NA,NA,NA,0,100,NA,100,NA,NA,33.3333333333333,NA,NA,NA,NA,NA,100,NA,NA,NA,NA,NA,303,2730,4,11,Europe & Central Asia,High income
MD,71.808,2708214,-1.71854141941543,11456728401.3069,4230.3630367862,4.30147774180656,4.1100001335144,3.04505397337069,16.0423633660578,3.17183206349277,11.7529716925191,99.99,NA,NA,4.0967929022,NA,22.7722772277228,2.56102780586585,1.262,48.5323271576832,40.5900001525879,34.3479995727539,42.629,0.25168,696.07769,60.40577,3510000,18848598,1254,3385,92,21,Europe & Central Asia,Upper middle income
ME,76.77,622227,-0.0234613531527775,5504166666.66667,8845.91421887296,5.0778888113381,15.1700000762939,2.61122378263797,10.6993115803322,4.0499689020245,61.4869888475836,100,NA,44.62475289,2.2299989009,71.51710049,23.4567901234568,8.82337249641355,1.745,43.9422270713251,64.2959976196289,48.1020011901855,66.813,0.36415,734.29976,NA,431556.620137799,4246458,149,3090,3,NA,Europe & Central Asia,Upper middle income
MG,66.681,26262313,2.66951722668417,13760033096.5122,523.94597141966,3.19435651491895,1.84300005435944,8.59422958870474,3.09230524906391,0.128320761389143,21.4098315572362,25.5155601501465,NA,9.734057566,NA,15,19.205298013245,4.44792804733339,4.077,49.0747672035706,88.7610015869141,83.7829971313477,37.191,NA,34.04118,12.60361,4472782.35091419,2999286,770,1465,9,37,Sub-Saharan Africa,Low income
MH,NA,58412,0.616496178310496,221588900,3793.55098267479,3.57475098191667,NA,NA,14.1929731137255,3.25275628295556,52.2222222222222,95.829231262207,NA,NA,NA,NA,9.09090909090909,4.40096564516322,NA,NA,NA,NA,77.031,NA,NA,NA,NA,NA,NA,NA,NA,NA,East Asia & Pacific,Upper middle income
MK,75.688,2076217,0.0826362901268217,12683070061.4695,6108.74010831698,2.88059670964267,20.7399997711182,1.45831298507127,2.71586027933752,3.54972529364705,39.7101506740682,99.8,NA,12.19801327,1.2002168072,79.16775519,38.3333333333333,5.11494789384992,1.496,39.2258222332799,67.4779968261719,43.0449981689453,57.963,0.36523,799.27238,91.11566,11848313,234169537,NA,NA,NA,NA,Europe & Central Asia,Upper middle income
ML,58.893,19077755,3.00806522834665,17070866299.0945,894.804776510366,4.74648432724561,7.42799997329712,0.299546507387888,5.98724296434408,0.294583927721055,10.896663634352,50.9,NA,18.53257096,NA,23,8.84353741496599,2.73604859837949,5.877,42.5920943497673,80.4010009765625,58.1220016479492,42.356,NA,NA,NA,NA,10404136,NA,NA,NA,NA,Sub-Saharan Africa,Low income
MM,66.867,53708318,0.608451681137062,67144726167.9303,1250.17369130663,6.404977325147,0.870000004768372,6.87232865662918,3.98169023531052,0.605492802809427,44.6135970220132,66.1779861450195,NA,60.81572409,NA,NA,10.161662817552,2.63340938815779,2.154,41.0870664326325,76.3889999389648,48.0670013427734,30.579,NA,NA,NA,2599406.62521813,246079374,NA,NA,NA,NA,East Asia & Pacific,Lower middle income
MN,69.689,3170214,1.7959102043121,13178094459.4548,4156.8469697802,7.7448806201857,5.38000011444092,6.81243594195042,3.34307924127534,6.72509805331754,9.10255545816196,98.1,NA,53.00287453,6.1825479289,47.13000188,17.1052631578947,14.8088800078253,2.895,44.7348222989664,67.3820037841797,51.9360008239746,68.445,0.10215,NA,NA,1360477.93292246,6763250,1431,2613,82,79,East Asia & Pacific,Lower middle income
MO,84.118,631633,1.4439607580844,55284360483.1217,87526.0799912635,6.464613520943,1.83000004291534,3.00446293166949,0.0412435004495038,NA,NA,100,NA,64.41104264,0.3166395676,83.79408961,NA,2.77491858098367,1.217,49.5039851867943,75.4049987792969,66.8270034790039,100,0.20152,3543.20632,182.46268,NA,0,2438,14028,1,54,East Asia & Pacific,High income
MP,NA,56889,0.592374927349641,1302000000,22886.6740494647,-19.3450114242194,NA,NA,NA,NA,52.9565217391304,100,NA,NA,NA,NA,NA,NA,NA,NA,NA,NA,91.618,NA,NA,NA,NA,NA,NA,NA,NA,NA,East Asia & Pacific,High income
MR,64.704,4403312,2.78008863129266,7354430040.11966,1670.2041645288,4.52674622501065,10.3850002288818,3.04891482875157,0.821162977028367,0.908407126272224,0.314058406907927,44.2938270568848,NA,NA,NA,NA,20.2614379084967,10.5091825332997,4.561,30.9062983636629,62.7639999389648,27.8169994354248,53.672,0.01081,NA,NA,76776.26032824,NA,NA,NA,NA,NA,Sub-Saharan Africa,Lower middle income
MT,82.4487804878049,484630,3.49195540302534,14864712990.1631,30672.2922439038,5.17922479608157,3.66000008583069,1.15782362451512,1.86571681189696,3.19831624125622,1.4375,100,NA,91.86797469,1.5936073579,81.65804429,11.9402985074627,30.0365383032122,1.23,41.5383259347105,70.4369964599609,49.7789993286133,94.612,0.57246,1946.50858,NA,678072132.186706,760310046,NA,NA,NA,NA,Middle East & North Africa,High income
MU,74.4163414634146,1265303,0.0545472669534157,14181951058.5129,11208.3438184474,3.75967722730337,6.42999982833862,3.2160538314458,1.72487735616677,3.26404031287368,19.0591133004926,99.4200668334961,NA,NA,2.9198600992,58.5961697,11.5942028985507,3.24716512065223,1.41,39.1657417283893,71.6009979248047,44.443000793457,40.793,0.34691,473.85267,130.27301,1120907.45016002,31292622,1086,1008,16,13,Sub-Saharan Africa,Upper middle income
MV,78.627,515704,3.81549331609073,5300962659.51088,10279.0799751619,8.12312890817314,5.61899995803833,-0.133373386117525,0.0795674027456038,3.70367497634302,2.73333333333333,100,NA,NA,NA,NA,5.88235294117647,10.8594997763163,1.87,22.1451783076598,68.4609985351563,36.8520011901855,39.808,NA,NA,NA,NA,NA,NA,NA,NA,NA,South Asia,Upper middle income
MW,63.798,18143215,2.64174528787889,9880675785.93057,544.593435393373,4.39168829609886,5.75799989700317,12.420178108921,1.83253991331907,0.0865337262442186,24.6680101824353,18.02,NA,23.70663177,NA,13.9,16.6666666666667,0.779423469311901,4.209,48.7462936812846,81.8190002441406,73.1740036010742,16.937,NA,NA,NA,NA,1679969,NA,NA,NA,NA,Sub-Saharan Africa,Low income
MX,74.992,126190782,1.12641479134149,1222408203104.3,9686.98492655586,2.19499472522698,3.27999997138977,4.89935015356549,2.92606156733621,3.74147772536983,33.9245402402325,99.5,NA,52.45421467,29.071061625,65.77263448,48.2,3.08418083004171,2.129,37.7169456249161,77.0749969482422,43.2939987182617,80.156,0.31291,NA,NA,6997263,74815824188,109353,32227,1555,14869,Latin America & Caribbean,Upper middle income
MY,75.997,31528033,1.35196001397349,358791603677.728,11380.0820900475,4.84305660969693,3.29999995231628,0.884709160571244,0.469793184890932,7.6002204133699,58.4822401460965,100,NA,77.45314542,NA,81.20104862,13.9013452914798,2.31456942039031,2.001,38.5381526890911,77.4540023803711,51.3730010986328,76.036,1.04086,2184.7224,233.44304,266580469.74372,90388743748,19863,23793,1116,6179,East Asia & Pacific,Upper middle income
MZ,60.163,29496009,2.91361831836918,14845870050.7092,503.317925171139,3.44381383971462,3.45600008964539,3.91133439990733,1.99429334819734,0.225115201178573,47.3361072255144,31.1,NA,NA,NA,10.4,39.6,11.3032189160978,4.852,52.3300648386726,79.6309967041016,78.3130035400391,35.988,NA,NA,NA,NA,27220071,1247,2033,34,13,Sub-Saharan Africa,Low income
"NA",63.373,2448300,1.88328489392289,13682062249.2236,5588.39286411942,1.05994347072928,19.8799991607666,4.29159105337873,0.392270480512414,1.73589837846669,8.23636871576237,53.969539642334,NA,NA,NA,40,46.1538461538462,1.71299267803583,3.396,49.3720559970796,62.6990013122559,55.4189987182617,50.032,NA,NA,NA,1389579.01117076,2888323,2005,1904,21,15,Sub-Saharan Africa,Upper middle income
NC,77.4341463414634,270650,0.240451424461215,9846920284.01006,36382.487655681,NA,14.8470001220703,NA,6.30716709314283,NA,45.8544857768053,100,NA,NA,NA,NA,NA,2.53700904236694,1.97,45.9690982889691,68.9649963378906,58.9650001525879,70.683,NA,NA,NA,NA,NA,NA,NA,NA,NA,East Asia & Pacific,High income
NE,62.024,22442831,3.81673672075794,12808660528.0617,570.723921953592,7.21080300824623,0.545000016689301,2.96760366004454,2.31622627027411,0.102037038018956,0.871982316254835,17.6,NA,15.41375964,NA,NA,16.9590643274854,3.63849343946544,6.913,42.7480651481902,84.9059982299805,62.326000213623,16.425,NA,NA,NA,NA,4241746,NA,NA,NA,NA,Sub-Saharan Africa,Low income
NG,54.332,195874685,2.586551303075,397190484464.308,2027.77854863842,1.92275734157302,8.45600032806396,12.0947315505318,6.12074643439539,0.667110198543523,24.1043842023782,56.5,NA,29.31313945,NA,31.9,5.55555555555556,0.195182772580418,5.387,44.7424216344106,60.3709983825684,49.515998840332,50.344,NA,NA,NA,NA,41631440,11221,9504,120,218,Sub-Saharan Africa,Lower middle income
NI,74.275,6465502,1.25537577858764,13025239912.2751,2014.57518879047,-3.36368764606334,5.19999980926514,4.94723728039882,11.5529541884435,0.805815232908442,29.9778128635533,87.1943206787109,NA,NA,NA,NA,45.6521739130435,6.43059172530585,2.404,38.5285502559544,82.7259979248047,48.6459999084473,58.522,NA,NA,NA,NA,14952958,NA,NA,NA,NA,Latin America & Caribbean,Lower middle income
NL,81.8121951219512,17231624,0.583933408920832,913597086062.599,53018.6293562696,2.36091509478513,3.82999992370605,1.70349794744475,0.271039385115406,8.7728237338512,10.9186219186219,100,NA,97.49352997,0.58618158968,91.89189189,36,-37.7308244404612,1.59,46.4389863833057,69.5830001831055,59.0859985351563,91.49,2.16374,5604.5408,NA,38405042824.762,85531770053,NA,NA,2111,394,Europe & Central Asia,High income
NO,82.7585365853659,5311916,0.660090844249,436999692591.454,82267.809316159,1.11882847945122,3.79999995231628,2.76483134528794,0.147447959632657,7.0313611886935,33.3172787164122,100,NA,64.69055165,0.46834371183,96.49165799,41.4201183431953,-1.29618383212857,1.56,47.9051590297264,66.4079971313477,61.8050003051758,82.248,2.07264,6466.70021,NA,612674302.39976,4318503054,4855,11639,1082,592,Europe & Central Asia,High income
NP,70.478,28095712,1.66177642022913,33111525182.7133,1178.52593245237,7.62237610539864,3.19300007820129,4.0611633875107,25.026420469687,0.428179218238,41.5907220090687,93.92,NA,43.29851891,NA,NA,32.7272727272727,0.206157202265139,1.917,56.0020474199944,84.6190032958984,82.4150009155273,19.74,NA,NA,NA,NA,3263597,NA,NA,NA,NA,South Asia,Lower middle income
NR,NA,10678,0.950371773207882,124021393.690412,11614.665076832,6.09756097560977,NA,NA,5.26970800708213,6.55553474433414,0,99.9192657470703,NA,NA,NA,NA,10.5263157894737,NA,NA,NA,NA,NA,100,NA,NA,NA,NA,NA,NA,NA,NA,NA,East Asia & Pacific,High income
NZ,81.8585365853659,4900600,1.79124016759035,212225726657.864,43306.0700032372,3.20574787992723,4.32999992370605,1.59829703801698,0.239816530628552,6.5726645716851,37.4279366526148,100,NA,81.33504336,NA,NA,38.3333333333333,1.18576050569788,1.71,47.6682349080942,76.2929992675781,65.7939987182617,86.538,NA,NA,NA,754361210.215593,604747407,9666,14817,1017,5221,East Asia & Pacific,High income
OM,77.633,4829476,3.44516591013401,91505851755.5267,18947.3664959773,1.28710391543288,1.79999995231628,0.881302104009536,0.0426330150068213,15.1921243629744,0.00840064620355412,100,NA,NA,0.26918034172,85.5,1.17647058823529,6.49272396543883,2.888,12.592959246876,88.5250015258789,29.9979991912842,84.539,0.21967,281.16111,32.77024,NA,73302558,11486,1964,16,404,Middle East & North Africa,High income
PA,78.329,4176868,1.69263129326398,64929409212.4566,15544.9990788449,3.68534434861736,3.83299994468689,0.761578359399943,0.828403040354184,2.42765632047745,57.1156827588066,94.94482421875,NA,NA,9.3850224618,61.80553132,18.3098591549296,8.11228963185989,2.461,40.1750499424097,76.9309997558594,51.1080017089844,67.709,NA,NA,NA,35437678.27,NA,2779,4462,135,362,Latin America & Caribbean,Upper middle income
PE,76.516,31989265,1.7182682912873,222574697255.522,6957.79341149359,3.96915687018075,3.49000000953674,1.50915423024742,1.44884126296051,1.69681922982601,56.77815625,95.2,NA,47.82568336,NA,55.05433424,27.6923076923077,2.78286221010075,2.254,45.8003805414001,84.6689987182617,69.8669967651367,77.907,0.12715,NA,NA,26182714.2857143,210905056,21381,8591,89,1133,Latin America & Caribbean,Upper middle income
PG,64.263,8606324,1.97474647313459,24109509852.7402,2801.37139302915,-0.279252284959952,2.56399989128113,4.37448921453166,0.0152255507444242,0.866804456815709,79.3243386477057,58.8876342773438,NA,NA,NA,NA,0,4.70620740433816,3.564,48.466705906148,48.5960006713867,46.9739990234375,13.169,NA,NA,NA,NA,NA,NA,NA,NA,NA,East Asia & Pacific,Lower middle income
PH,71.095,106651394,1.39596533979435,346842094174.513,3252.11027410024,6.34148557148761,2.33999991416931,5.21160460595185,9.74765420752409,1.3336909595387,23.8750041922393,94.4327545166016,NA,58.26934487,6.4649881651,NA,29.4520547945205,2.86833662668495,2.576,38.7079810344479,72.6050033569336,45.4690017700195,46.907,NA,NA,NA,44086035.445,33903553364,21625,13647,529,3771,East Asia & Pacific,Lower middle income
PK,67.114,212228288,2.05754609472119,314567541558.339,1482.21306651797,5.83641749754401,4.07999992370605,5.07805725868917,6.73718588224704,0.981820104961691,4.94056143628061,72.6349792480469,NA,NA,3.8830827302,15.34,20.2346041055718,0.552186659626438,3.51,20.5717375926052,79.056999206543,21.507999420166,36.666,NA,NA,NA,7000000,374563530,30543,7438,306,586,South Asia,Lower middle income
PL,77.6024390243903,37974750,-2.00132782838419e-4,587411745161.558,15468.4822194105,5.35370335471698,3.84999990463257,1.81295156542681,1.29432209393582,8.23547225459022,30.8946010386387,100,NA,90.35071493,0.73045470014,77.54173454,28.0434782608696,3.0002804923747,1.46,44.7273309705779,64.9150009155273,48.4339981079102,60.058,1.20953,3106.1196,NA,614000000,21760894564,12811,3294,4207,115,Europe & Central Asia,High income
PR,79.7781951219512,3193354,-4.0483910336329,100925000000,31604.7015144578,-4.14747474747475,9.19999980926514,NA,NA,NA,55.8455467869222,100,NA,32.50916088,21.088314968,70.85639974,NA,NA,1.035,42.7976702350683,49.5690002441406,32.5470008850098,93.578,NA,NA,NA,NA,NA,NA,NA,NA,NA,Latin America & Caribbean,High income
PS,73.895,4569087,2.5330114844554,16276600000,3562.33094270256,1.22707737782703,26.2600002288818,-0.195107773730686,17.4109629066019,NA,1.6843853820598,99.9903717041016,NA,63.60135515,0.49352474965,64.39999371,NA,1.29446294401352,3.643,19.7976336135452,69.0289993286133,17.3719997406006,76.164,NA,NA,NA,NA,6243920,NA,NA,NA,NA,Middle East & North Africa,Lower middle income
PT,81.3243902439024,10283822,-0.160104021146769,242194788533.537,23551.0482905614,2.84932593436179,6.98999977111816,0.99371568346825,0.22503996004543,4.84061276050869,36.154994891142,100,NA,84.83351595,0.78976680624,74.66096815,34.7826086956522,3.23957696424715,1.42,49.1533719987082,64.4000015258789,54.4799995422363,65.211,1.34753,4537.53162,NA,121188002.545788,2977953200,18906,2422,661,29,Europe & Central Asia,High income
PW,NA,17911,0.571110174925296,284700000,15895.2598961532,-0.107219442458899,NA,2.10970464135021,0.764407297319916,16.191167439004,89.6739130434783,100,NA,NA,11.166322372,NA,12.5,7.55180892167193,NA,NA,NA,NA,79.93,NA,NA,NA,NA,401591,NA,NA,NA,NA,East Asia & Pacific,High income
PY,74.131,6956069,1.2878740141998,40225448340.6322,5782.78454981286,3.20425034076639,6.21999979019165,3.97561015740691,1.69760684833151,1.21045377784493,41.9353888749056,99.6,NA,58.82281712,7.1448399951,64.99354302,15,0.818799598783171,2.429,40.6117363571935,84.1269989013672,59.2470016479492,61.585,0.14626,139.73415,46.29053,NA,102336648,12085,5374,NA,NA,Latin America & Caribbean,Upper middle income
QA,80.1,2781682,2.0687541103032,183334953818.681,65907.9484350408,1.23487220191065,0.109999999403954,0.255815382724374,0.254743003069051,32.4156391708326,0,100,NA,97.2,NA,99.65284913,9.75609756097561,-1.19249695201383,1.866,13.6560634017369,95.9530029296875,58.306999206543,99.135,0.50901,577.34853,397.09787,NA,155183661,NA,NA,NA,NA,Middle East & North Africa,High income
RO,75.3585365853659,19473970,-0.587493307403584,241457403085.042,12398.9819787666,4.47452377497343,4.19000005722046,4.62548443137781,2.89242990096146,3.84513275926788,30.1158292767733,100,NA,79.80953656,1.2816496985,70.68127793,20.6686930091185,3.0413480951196,1.76,43.0693370380789,65.0009994506836,45.6730003356934,53.998,0.50077,882.44127,NA,100840053.226281,6636987992,8226,2297,1100,47,Europe & Central Asia,Upper middle income
RS,75.890243902439,6982604,-0.546351968633598,50640650221.4622,7252.40185773992,4.4951212927627,12.7299995422363,1.95984076293803,8.77873180467791,6.52192219406972,31.1227989938258,100,NA,18.10589629,1.2268905787,73.36070915,34.4,8.04076379354097,1.49,44.0990667601455,62.8120002746582,46.6539993286133,56.092,0.9197,2087.21892,412.03292,57889056.9134479,458079442,1412,4982,163,11,Europe & Central Asia,Upper middle income
RU,72.6621951219512,144477859,-0.0130668924933287,1657328865709.99,11287.3552780815,2.80724541049418,4.84999990463257,2.87829723647886,0.56037580664604,11.1266183699469,49.7843360788722,100,NA,60.49115466,8.209475626,80.86472187,15.7777777777778,0.530060761129424,1.579,48.649531647008,71.3239974975586,55.8629989624023,74.433,0.98275,2784.33237,437.83869,876100000,10075334705,49132,25992,24926,13031,Europe & Central Asia,Upper middle income
RW,68.7,12301969,2.64406078348327,9640280084.19572,783.637162814808,8.57942454050658,1.11099994182587,-0.311210160390642,2.70232413659749,0.0877908243794144,11.1066072152412,34.7422370910645,NA,NA,NA,25,61.25,3.79856510711318,4.044,51.782519250176,82.9980010986328,83.9140014648438,17.211,NA,NA,NA,NA,3489244,318,1404,6,1,Sub-Saharan Africa,Low income
SA,74.998,33702757,1.8010622175453,786521831573.333,23337.0175494347,2.43411078064224,6.03999996185303,2.45814158007533,0.042581738131377,15.2687805332958,0.454484134921779,100,NA,56.60731319,NA,93.31000185,19.8675496688742,0.539985957167189,2.319,15.7646730685394,78.6849975585938,21.9050006866455,83.844,NA,NA,NA,NA,252680849,18563,13329,1078,2321,Middle East & North Africa,High income
SB,72.835,652856,2.61108522453765,1574599182.64697,2411.86292635277,3.94424954963497,0.723999977111816,3.46147484973745,1.26375130519627,0.566740598232995,90.1904251518399,66.4730453491211,NA,NA,NA,NA,2.04081632653061,1.58723196301377,4.403,48.4759808132875,87.9309997558594,83.8939971923828,23.749,NA,NA,NA,598989.120418233,171263,NA,NA,NA,NA,East Asia & Pacific,Lower middle income
SC,72.8414634146341,96762,0.954291917891324,1547690759.44363,15994.8198615534,1.77118346744531,NA,3.70291839111564,1.46758611201977,6.40747400839172,73.2608695652174,100,NA,NA,NA,70.1,21.2121212121212,19.8789488089943,2.41,NA,NA,NA,56.691,NA,NA,NA,1403175.69468349,5521289.99999999,67,690,NA,17,Sub-Saharan Africa,High income
SD,65.095,41801532,2.39225797194196,30964349684.7059,740.746767001408,-2.6809305497999,17.5799999237061,63.2925073455883,1.37323843367219,0.483235877575013,10.1143894621238,52.2975654602051,NA,NA,NA,NA,30.5164319248826,3.66804785378847,4.407,30.2856348247169,69.3119964599609,29.4500007629395,34.642,NA,NA,NA,NA,869554,1780,1967,349,31,Sub-Saharan Africa,Low income
SE,82.5585365853659,10175214,1.16164515996039,555455371487.089,54589.0603860606,1.95002284569983,6.3600001335144,1.95353530127029,0.553419099906666,3.53800912688421,68.6946060739977,100,NA,94.85217437,1.0830726772,89.24696316,46.1318051575931,-0.171454533603003,1.76,47.7020933562943,67.6490020751953,61.1590003967285,87.431,3.31278,7536.47495,NA,7669042647.6878,17172932355,7289,1924,1838,442,Europe & Central Asia,High income
SG,83.2975609756098,5638676,0.469704298714121,375981539145.907,66679.0464899752,3.49746960110137,3.64299988746643,0.438620118446782,0,8.39913483236136,22.4682651622003,100,NA,100,0.15631776484,88.16563603,23,22.1050195130437,1.14,41.7526261570075,78.3789978027344,62.0690002441406,100,NA,NA,NA,8546888997.34956,154866708124,6305,19665,1575,10270,East Asia & Pacific,High income
SI,81.3780487804878,2073894,0.362584395134764,54137142149.4799,26104.1027889949,4.4225215682918,5.1100001335144,1.73860861988181,1.19112757308677,6.77469533158397,61.674380723466,100,NA,69.23002672,0.48126993661,79.7499766,24.4444444444444,2.84118731481528,1.61,46.199067387208,63.9809989929199,53.7509994506836,54.541,1.95039,4854.56751,NA,72892669.4425642,2089366779,1235,1468,255,23,Europe & Central Asia,High income
SK,77.2658536585366,5446771,0.138508159611326,105561218935.334,19380.5135070548,3.79441055314645,6.53999996185303,2.51403712883808,2.09413950358568,6.05863547411852,40.05615640599,100,NA,82.02627838,1.1369852689,80.44892248,20,2.13227059593663,1.54,45.3104697047721,67.8379974365234,52.3009986877441,53.726,0.83806,2995.95783,520.62951,55522617.7690752,8967347835,2237,1852,217,14,Europe & Central Asia,High income
SL,54.309,7650149,2.13663626508494,4085114794.22324,533.991533265984,3.46460213996657,4.65999984741211,16.0327898535814,1.5195521648929,0.133330736434022,35.6655583264062,26.1,NA,13.51397705,NA,15.8,12.3287671232877,6.13069806263831,4.263,50.3608938267584,56.5410003662109,56.7760009765625,42.055,NA,NA,NA,NA,378768,480,1493,NA,NA,Sub-Saharan Africa,Low income
SM,NA,33784,0.335038486999643,1655300872.53427,48996.592248824,1.54476112853661,NA,NA,NA,NA,16.6666666666667,100,NA,70.3715,NA,NA,26.6666666666667,NA,NA,NA,NA,NA,97.226,NA,NA,NA,NA,NA,110,1227,14,681,Europe & Central Asia,High income
SN,67.665,15854324,2.78187970760459,23116699808.1723,1458.06909258145,6.20924103389086,3.27500009536743,0.46098564246427,10.5012044385175,0.621912356528099,42.3215083363632,66,NA,23.05570889,NA,35.3,41.8181818181818,3.66765836743912,4.625,40.134970687999,57.4620018005371,34.5369987487793,47.192,NA,NA,NA,5442648.79952227,28155692,NA,NA,NA,NA,Sub-Saharan Africa,Lower middle income
SO,57.068,15008225,2.83192542389384,5850677295.69858,389.83139549804,7.67887980204993,18.8500003814697,NA,25.3304006544604,0.0459747904898814,9.77699493097842,34.3135757446289,NA,29.7302541,NA,NA,24.3636363636364,6.97355159717939,6.072,31.2004809960101,47.4080009460449,21.0400009155273,44.971,NA,NA,NA,NA,NA,NA,NA,NA,NA,Sub-Saharan Africa,Low income
SR,71.57,575987,0.957016884778029,3996247906.19765,6938.08698147294,4.94827076559268,7.92600011825562,NA,2.46928516072232,3.61119261372218,97.5691025641026,97.4,NA,25.73796269,NA,NA,25.4901960784314,3.27709314838352,2.418,40.7865721264758,66.963996887207,45.5880012512207,66.06,NA,NA,NA,75176.961052,1169002,154,392,NA,NA,Latin America & Caribbean,Upper middle income
ST,70.17,211032,1.88756148214117,412253809.728799,1953.5132573676,2.94526890871829,14.0609998703003,7.85706431333533,4.31193843610974,0.663406497592782,55.3541666666667,71,NA,32.41314828,NA,31.9,14.5454545454545,5.74847846816378,4.321,35.1766164640416,71.1549987792969,38.1020011901855,72.803,NA,NA,NA,NA,1332855,8,721,NA,408,Sub-Saharan Africa,Lower middle income
SV,73.096,6420740,0.509273429616579,26020850000,4052.62477533742,2.43228758708827,4.01000022888184,1.09033000581896,20.720840026323,1.0606254107782,28.6138996138996,97,NA,NA,52.018926167,43.8,30.952380952381,1.58620478716365,2.039,41.8737471925703,74.4710006713867,44.4739990234375,72.023,0.1647,71.17553,21.64857,7523539.35,277843371,4040,6590,3,136,Latin America & Caribbean,Lower middle income
SX,NA,40654,0.196976475763271,1185474860.3352,29160.1038110689,-6.59999999999987,NA,NA,4.29861318096136,NA,10.8823529411765,100,NA,NA,NA,NA,NA,-4.04184728652215,NA,NA,NA,NA,100,NA,NA,NA,110222.223463687,NA,NA,NA,NA,NA,Latin America & Caribbean,High income
SY,71.779,16945062,-0.884869262656999,21490335085.8366,1268.23584864054,1.47576647550751,8.75500011444092,NA,NA,1.64708751139417,2.84310842454937,86,NA,NA,0.87931221497,NA,13.2,NA,2.808,18.4938480300367,72.1589965820313,16.2469997406006,54.162,NA,NA,NA,NA,NA,6993,5151,103,45,Middle East & North Africa,Low income
SZ,59.401,1136274,1.014213397419,4665420238.51784,4105.89368278939,2.37161052114132,22.7919998168945,4.81506167461507,2.69509102503979,0.959275667664665,28.7872093023256,74.1094360351563,NA,NA,NA,NA,7.2463768115942,0.667267364258762,2.99,48.2069990767935,55.1059989929199,47.1940002441406,23.799,NA,NA,NA,675156.719776973,11432106,NA,NA,NA,NA,Sub-Saharan Africa,Lower middle income
TC,NA,37667,1.47362360716631,1113178000,29553.1366979053,5.61095461704357,NA,NA,0.672122517692588,NA,11.0736842105263,100,NA,NA,NA,NA,NA,3.79337356649161,NA,NA,NA,NA,93.098,NA,NA,NA,NA,NA,NA,NA,NA,NA,Latin America & Caribbean,High income
TD,53.977,15477727,3.02350454795029,11239167048.4916,726.151007088549,2.37403780037786,1.12999999523163,4.27462198610544,0,0.0691315979407054,3.60149301143583,10.1215171813965,NA,9.781107203,NA,8,15.2542372881356,4.10075324631691,5.747,40.7263121675002,71.5179977416992,48.4620018005371,23.059,NA,NA,NA,NA,NA,NA,NA,NA,NA,Sub-Saharan Africa,Low income
TG,60.76,7889095,2.44590389318048,7112200725.00232,901.523016898937,4.97621309973984,3.72900009155273,0.928170503538593,6.33860772602906,0.286471388670057,22.3421584850156,50,NA,8.907705985,NA,15.5,17.5824175824176,-2.54453890986984,4.32,48.7379830310094,60.1240005493164,55.8919982910156,41.702,NA,48.05369,3.61765,NA,337517,NA,NA,NA,NA,Sub-Saharan Africa,Low income
TH,76.931,69428454,0.315406676202042,506611070188.362,7296.87960772339,4.18958549566707,0.769999980926514,1.06389754183022,1.47373051066912,3.71403920358071,39.0397150071444,99.82,NA,25.28339393,NA,56.81748093,5.28455284552846,2.60285044954352,1.525,45.6086852051522,76.5510025024414,59.6660003662109,49.949,NA,NA,NA,163002536.789359,44752860438,28141,25986,904,7245,East Asia & Pacific,Upper middle income
TJ,70.879,9100847,2.45355241672442,7765014424.33779,853.218873401321,7.59999938722835,7.01200008392334,NA,28.1176622642552,0.805419539521981,3.0391238561856,99.3,NA,NA,NA,NA,19.047619047619,2.84432481729144,3.585,37.9536024260829,51.4329986572266,31.2770004272461,27.134,0.09703,NA,NA,NA,7128213,NA,NA,NA,NA,Europe & Central Asia,Lower middle income
TL,69.26,1267975,1.96841777174323,1583876200,1249.13835051953,-0.687542477354754,4.73099994659424,2.29424307036244,6.08134222419408,0.504741812732901,62.1318090114324,89.0341033935547,NA,NA,NA,NA,33.8461538461538,3.02584662682702,4.023,45.5676803277454,72.7850036621094,61.7879981994629,30.578,NA,NA,NA,NA,NA,NA,NA,NA,NA,East Asia & Pacific,Lower middle income
TM,68.073,5850902,1.60634794553413,40765428571.4286,6967.37504258806,6.19999994137119,4.23400020599365,NA,0.00490611792905753,12.2596481704872,8.78215904496414,100,NA,NA,NA,NA,24.8,4.89948824038576,2.786,41.3676858060326,56.273998260498,37.5340003967285,51.593,NA,NA,NA,NA,NA,NA,NA,NA,NA,Europe & Central Asia,Upper middle income
TN,76.505,11565203,1.14586285100402,42570270107.1147,3680.89259713943,2.51090707193929,15.460000038147,7.3075917603165,4.46858095108669,2.59225886480332,4.50354016477858,99.8,NA,78.48172074,NA,64.19081023,31.3364055299539,2.32308345366815,2.197,28.8427943775514,68.2070007324219,26.4780006408691,68.945,0.60132,1771.60777,61.73693,23726166.7884039,828929536,NA,NA,180,271,Middle East & North Africa,Lower middle income
TO,70.801,103199,1.16667421428571,489235527.395387,4740.70027224476,0.300009403851803,3.0699999332428,5.03209691984875,37.4942377384821,1.84110311146426,12.4305555555556,99.1313018798828,NA,34.39018887,NA,NA,7.40740740740741,4.06987540084299,3.556,41.6080208232912,55.7070007324219,38.0470008850098,23.131,NA,NA,NA,2296.5154758648,NA,2,544,NA,NA,East Asia & Pacific,Upper middle income
TR,77.437,82340090,1.49723204842519,778471901665.148,9454.34844272271,2.97988523467896,10.8900003433228,16.3324638988929,0.144128516083888,5.0154183703224,28.4660940971636,100,NA,77.68516892,2.5904756723,71.04276084,17.4496644295302,1.64707293514047,2.069,33.0897664558253,72.9919967651367,34.310001373291,75.143,NA,NA,NA,167000000,3735725606,105549,14071,7156,310,Europe & Central Asia,Upper middle income
TT,73.38,1389841,0.416814325359264,23679919654.9891,17037.8623561897,0.0660497745971185,3.33699989318848,1.01856930188828,0.585763484779349,12.7784401237264,44.64522417154,100,NA,NA,NA,NA,30.952380952381,-2.95687532475417,1.725,42.2538677542186,69.6149978637695,49.064998626709,53.184,0.08399,566.97051,268.37564,881502.086120224,NA,346,994,4,135,Latin America & Caribbean,High income
TV,NA,11505,1.22432661828226,42588164.9731022,3701.70925450693,2.49999999999999,NA,NA,2.24730416630466,0.869187309865276,33.3333333333333,99.8990478515625,NA,6.115298329,NA,NA,6.66666666666667,0.70174894877193,NA,NA,NA,NA,62.387,NA,NA,NA,NA,NA,NA,NA,NA,NA,East Asia & Pacific,Upper middle income
TZ,65.015,56313444,2.97948065987158,57003713610.7625,1042.8387560513,5.44496760087571,2.20600008964539,3.49445848856184,0.724356453074409,0.20563473262264,52.70151275683,35.2294502258301,NA,25.18909089,NA,19,37.1794871794872,1.70440977350521,4.892,48.2823925548815,87.697998046875,80.1429977416992,33.776,NA,NA,NA,82600,186258425,NA,NA,25,NA,Sub-Saharan Africa,Lower middle income
UA,71.5826829268293,44622518,-0.466425620896808,130891049796.879,3096.56169661923,3.4883623420827,8.80000019073486,10.9518559353179,11.2261304518549,4.15418063140229,16.7034863652054,100,NA,71.98945318,NA,62.55315539,12.2931442080378,3.80087103565933,1.301,48.0956058814011,64.4690017700195,49.548999786377,69.352,0.47109,988.07663,150.13703,92000000,1213060004,27330,10701,2107,1861,Europe & Central Asia,Lower middle income
UG,62.973,42729032,3.72516390592513,32927025573.4296,770.600784343292,6.30392378090806,1.92299997806549,2.62397505207709,4.06369509995943,0.143462178127508,12.070666267704,42.7,NA,NA,10.524460278,NA,34.2984409799555,3.20512811057536,4.955,49.3727971999563,73.2880020141602,66.3509979248047,23.774,NA,NA,NA,10385200,19615088,NA,NA,6,NA,Sub-Saharan Africa,Low income
US,78.6390243902439,326838199,0.526435395564053,20611860934000,63064.4184096731,2.99646435222829,3.90000009536743,2.44258329692818,0.0336747857082161,15.2408745833286,33.8669264120375,100,NA,98.28709462,4.9569505476,88.49890317,23.5023041474654,1.03976540830663,1.7295,46.1907553625692,67.9020004272461,56.2369995117188,82.256,2.83283,NA,NA,114819000000,153808463962,342150,122683,285095,312046,North America,High income
UY,77.77,3449290,0.367270798048567,64515038268.1373,18703.8602924478,0.477907183899063,8.34000015258789,7.60653360377044,0.176637420489428,1.8902440792163,11.364415495372,99.8,NA,NA,12.060453021,80.72684288,20.2020202020202,2.82909080166964,1.973,46.1175030908586,72.1660003662109,55.9879989624023,95.334,0.41865,696.37621,NA,44657097.91,120197863,2284,3109,NA,NA,Latin America & Caribbean,High income
UZ,71.573,32956100,1.73698637655233,52633143808.1824,1597.0683366109,5.35499688821734,5.83500003814697,NA,14.4578361490325,3.4011912817354,8.25772037543553,100,NA,NA,NA,55.20000067,16,1.18686912904352,2.604,39.9879399249022,72.5110015869141,46.9280014038086,50.478,0.13003,476.17883,48.0659,316911.1367275,12132374,3183,2921,470,180,Europe & Central Asia,Lower middle income
VC,72.415,110210,0.349034148811457,811300000,7361.4009618002,2.15973003374579,19.1800003051758,2.32414485367923,5.71173245626859,2.54060430088014,73.1794871794872,100,NA,NA,NA,NA,13.0434782608696,5.12582139924625,1.891,41.2272291466922,74.818000793457,54.3349990844727,52.198,NA,NA,NA,NA,110.99999999999,12,184,NA,4,Latin America & Caribbean,Upper middle income
VI,79.5195121951219,107001,-0.261338011929093,3900000000,36448.2574929206,1.58730158730158,12.4259996414185,NA,NA,NA,56.0285714285714,100,NA,NA,NA,NA,NA,NA,2.06,44.4644836053106,63.6300010681152,44.7360000610352,95.721,NA,NA,NA,NA,NA,NA,NA,NA,NA,Latin America & Caribbean,High income
VN,75.317,95545959,0.994310472332801,245213686369.157,2566.4474870063,7.07578861674985,1.1599999666214,3.53962805942641,6.52492127862423,2.69880592228919,46.735543586932,100,NA,NA,NA,69.84792868,26.7206477732794,6.32101748866722,2.049,47.4226559681118,81,70.4150009155273,35.919,NA,NA,NA,NA,82611151162,37476,16961,646,5425,East Asia & Pacific,Lower middle income
VU,70.323,292675,2.48242519027756,914727908.137793,3125.40499918952,2.90023027256446,1.80900001525879,2.3309637956687,3.85026148347746,0.615016656701119,36.2838392124692,61.7724533081055,NA,NA,NA,NA,0,4.10870468514392,3.782,43.5477890800058,78.2379989624023,60.3969993591309,25.274,NA,NA,NA,718450.634200647,NA,NA,NA,NA,NA,East Asia & Pacific,Lower middle income
WS,73.187,196128,0.393373450356795,821286927.535723,4187.50472923664,-1.23316240720041,8.68599987030029,4.19745888663745,17.9678378862254,1.63158753467124,57.4664310954064,99.9936141967773,NA,47.6734285,NA,NA,10,2.03503188766765,3.877,34.8697738176833,54.7350006103516,31.3229999542236,18.243,NA,NA,NA,537843.987626163,142117,28,123,1,NA,East Asia & Pacific,Lower middle income
XK,72.2439024390244,1797085,0.33901096210321,7878508502.59802,4384.0488917319,3.40663100837845,NA,1.05379773654998,15.6847953886708,NA,NA,100,NA,NA,2.3989300898,89.44303197,NA,4.04318903060898,2,NA,NA,NA,NA,NA,NA,NA,197004.784286754,NA,NA,NA,NA,NA,Europe & Central Asia,Upper middle income
YE,66.096,28498683,2.3570444080705,21606140907.4454,758.145241569423,0.75244741049714,13.1450004577637,NA,NA,0.326681762802864,1.03983180862549,62,NA,18.29296749,NA,NA,0,-1.30563960731548,3.792,8.25923650790113,67.9449996948242,6.11499977111816,36.642,NA,NA,NA,NA,NA,4044,1755,NA,NA,Middle East & North Africa,Low income
ZA,63.857,57792520,1.36370321600461,404842116738.074,7005.09541266022,1.48761737271568,26.9099998474121,4.50457749331605,0.229482887949606,7.4966448945296,14.1151027541238,84.7,NA,NA,NA,62.4,42.7480916030534,1.37571218998329,2.405,44.904110620303,62.2859992980957,48.3699989318848,66.355,NA,NA,NA,182504287.107265,2091401857,22542,15820,657,6258,Sub-Saharan Africa,Upper middle income
ZM,63.51,17351714,2.91265326328102,26311590296.7021,1516.36837125728,4.03449389667165,12.0100002288818,7.49457192728511,0.406534248740373,0.446065443448411,60.789706614294,39.8223037719727,NA,NA,NA,14.2999971,17.9640718562874,1.55231396923024,4.633,48.2253717551454,78.786003112793,69.7929992675781,43.521,NA,NA,NA,NA,25805507,1190,1943,11,13,Sub-Saharan Africa,Lower middle income
ZW,61.195,14438812,1.41038154233327,18115543790.7855,1254.64226494434,4.82421053956361,4.7960000038147,10.6188658669575,7.88109391542086,0.849792905399696,45.3320925423291,40.6163597106934,NA,26.27207327,NA,25,31.4814814814815,3.9627036899328,3.615,51.5127885015525,89.4960021972656,80.3089981079102,32.209,NA,NA,NA,NA,9709357,NA,NA,NA,NA,Sub-Saharan Africa,Lower middle income
